City,Latitude,Longitude,City_ID,Country_ID
Mlawa,53.11669921875,20.36669921875,1,1
Mielec,50.283298492431641,21.433300018310547,2,1
Rzeszów,50.049999237060547,22,3,1
Ruda Slaska,50.262798309326172,18.853599548339844,4,1
Fulda,50.552799224853516,9.6774997711181641,5,2
Osterode,51.728599548339844,10.252200126647949,6,2
Geldern,51.519699096679688,6.3324999809265137,7,2
Alsdorf,50.874401092529297,6.1614999771118164,8,2
Ilmenau,50.687198638916016,10.914199829101563,9,2
Taunusstein,50.143501281738281,8.1605997085571289,10,2
Gummersbach,51.033298492431641,7.5666999816894531,11,2
Derne,51.666698455810547,7.6167001724243164,12,2
Erkrath,51.223899841308594,6.9147000312805176,13,2
Olecko,54.033298492431641,22.5,14,1
Zabrze,50.299999237060547,18.783300399780273,15,1
Lomza,53.183300018310547,22.08329963684082,16,1
Lwówek Slaski,51.11669921875,15.58329963684082,17,1
Niepolomice,50.033901214599609,20.217199325561523,18,1
Chojnów,51.266700744628906,15.933300018310547,19,1
Gdynia,54.518901824951172,18.531900405883789,20,1
Lódz,51.776901245117188,19.454700469970703,21,1
Hemer,51.38330078125,7.7666997909545898,22,2
Paderborn,51.716701507568359,8.7666997909545898,23,2
Mettmann,51.25,6.9667000770568848,24,2
Oer-Erkenschwick,51.642200469970703,7.2508001327514648,25,2
Braunschweig,52.269199371337891,10.521100044250488,26,2
Rottweil,48.168098449707031,8.624699592590332,27,2
Dinslaken,51.566699981689453,6.7333002090454102,28,2
Haan,51.193099975585938,7.0131001472473145,29,2
Herzogenrath,50.86669921875,6.0999999046325684,30,2
Düren,50.799999237060547,6.4833002090454102,31,2
Weilheim,47.833301544189453,11.133299827575684,32,2
Czeladz,50.333301544189453,19.08329963684082,33,1
Krotoszyn,51.696998596191406,17.435699462890625,34,1
Bierun Stary,50.089698791503906,19.092800140380859,35,1
Haldensleben,52.283298492431641,11.41670036315918,36,2
Wunstorf,52.423801422119141,9.4358997344970703,37,2
Sankt Augustin,50.770000457763672,7.1866998672485352,38,2
Kelkheim (Taunus),50.13800048828125,8.4525003433227539,39,2
Plettenberg,51.212799072265625,7.8715000152587891,40,2
Wedel,53.583301544189453,9.6999998092651367,41,2
Schwäbisch Gmünd,48.799999237060547,9.8000001907348633,42,2
Straubing,48.877201080322266,12.575799942016602,43,2
Güstrow,53.793899536132813,12.176400184631348,44,2
Sonneberg,50.349998474121094,11.16670036315918,45,2
Gliwice,50.297599792480469,18.676599502563477,46,1
Nowa Sól,51.799999237060547,15.716699600219727,47,1
Brzesko,49.966701507568359,20.61669921875,48,1
Inowroclaw,52.795799255371094,18.261100769042969,49,1
Sömmerda,51.161701202392578,11.116900444030762,50,2
Trier,49.756698608398438,6.6413998603820801,51,2
Mönchengladbach,51.200000762939453,6.4333000183105469,52,2
Mühlhausen,51.216701507568359,10.449999809265137,53,2
Idar-Oberstein,49.701900482177734,7.3253002166748047,54,2
Forchheim,49.719699859619141,11.058099746704102,55,2
Velbert,51.340000152587891,7.041600227355957,56,2
Pirmasens,49.200000762939453,7.5999999046325684,57,2
Zielona Góra,51.939701080322266,15.505000114440918,58,1
Kwidzyn,53.735801696777344,18.93079948425293,59,1
Wroclaw,51.107700347900391,17.035299301147461,60,1
Wegberg,51.13330078125,6.2666997909545898,61,2
Reinbek,53.508899688720703,10.248299598693848,62,2
Tuttlingen,47.985000610351563,8.8233003616333008,63,2
Ennepetal,51.302101135253906,7.3425002098083496,64,2
Mainz,50,8.2711000442504883,65,2
Chelmno,53.349201202392578,18.42609977722168,66,1
Szczytno,53.562801361083984,20.985300064086914,67,1
Bochnia,49.983299255371094,20.433300018310547,68,1
Mühldorf,48.245601654052734,12.522800445556641,69,2
Wolfsburg,52.423099517822266,10.787199974060059,70,2
Lünen,51.61669921875,7.5166997909545898,71,2
Landshut,48.539699554443359,12.150799751281738,72,2
Düsseldorf,51.231098175048828,6.77239990234375,73,2
Freiburg im Breisgau,47.994701385498047,7.8496999740600586,74,2
Flensburg,54.781898498535156,9.4366998672485352,75,2
Kassel,51.315799713134766,9.4979000091552734,76,2
Gaggenau,48.803901672363281,8.3193998336791992,77,2
Freiberg,50.911899566650391,13.342800140380859,78,2
Ostroleka,53.083301544189453,21.566699981689453,79,1
Hamburg,53.549999237060547,10,80,2
Pforzheim,48.895000457763672,8.7049999237060547,81,2
Lippstadt,51.666698455810547,8.3500003814697266,82,2
Biberach,48.098098754882813,9.788599967956543,83,2
Luckenwalde,52.083099365234375,13.16670036315918,84,2
Fürstenwalde,52.36669921875,14.066699981689453,85,2
Plauen,50.494998931884766,12.138299942016602,86,2
Kornwestheim,48.859699249267578,9.1850004196166992,87,2
Holzminden,51.829700469970703,9.4483003616333008,88,2
Chelmza,53.200000762939453,18.600000381469727,89,1
Gniezno,52.533298492431641,17.600000381469727,90,1
Lancut,50.068698883056641,22.229099273681641,91,1
Bad Dürkheim,49.461799621582031,8.1724004745483398,92,2
Brandenburg,52.411701202392578,12.556099891662598,93,2
Rodgau,50.025600433349609,8.8840999603271484,94,2
Herne,51.542598724365234,7.2189998626708984,95,2
Recklinghausen,51.61669921875,7.1999998092651367,96,2
Karlsruhe,49.016700744628906,8.3999996185302734,97,2
Witten,51.433300018310547,7.3333001136779785,98,2
Memmingen,47.987800598144531,10.181099891662598,99,2
Nürtingen,48.626701354980469,9.3353004455566406,100,2
Niederkassel,50.816699981689453,7.0332999229431152,101,2
Bretten,49.036399841308594,8.7061004638671875,102,2
Duisburg,51.432201385498047,6.7610998153686523,103,2
Krzeszowice,50.13330078125,19.63330078125,104,1
Opoczno,51.38330078125,20.283300399780273,105,1
Boleslawiec,51.266700744628906,15.566699981689453,106,1
Ciechocinek,52.88330078125,18.783300399780273,107,1
Tychy,50.166698455810547,19,108,1
Kostrzyn nad Odra,52.588298797607422,14.66670036315918,109,1
Burgdorf,52.450000762939453,10.008299827575684,110,2
Bad Reichenhall,47.724700927734375,12.876899719238281,111,2
Wilhelmshaven,53.516700744628906,8.1332998275756836,112,2
Forst,51.733299255371094,14.633299827575684,113,2
Löhne,52.200000762939453,8.6999998092651367,114,2
Warendorf,51.953899383544922,7.9932999610900879,115,2
Bergkamen,51.61669921875,7.6332998275756836,116,2
Donauwörth,48.718399047851563,10.777000427246094,117,2
Walbrzych,50.766700744628906,16.283300399780273,118,1
Krefeld,51.333301544189453,6.5666999816894531,119,2
Melle,52.203098297119141,8.3360996246337891,120,2
Kaarst,51.227798461914063,6.6272997856140137,121,2
Lehrte,52.372501373291016,9.9769001007080078,122,2
Hennigsdorf,52.637798309326172,13.20359992980957,123,2
Stendal,52.599998474121094,11.850000381469727,124,2
Pleszew,51.89739990234375,17.785600662231445,125,1
Lubon,52.333301544189453,16.88330078125,126,1
Warka,51.783298492431641,21.200000762939453,127,1
Bialystok,53.11669921875,23.16670036315918,128,1
Swiedbodzin,52.25,15.533300399780273,129,1
Ditzingen,48.826400756835938,9.0666999816894531,130,2
Leimen,49.348098754882813,8.6911001205444336,131,2
Mörfelden-Walldorf,49.989601135253906,8.5661001205444336,132,2
Rostock,54.083301544189453,12.133299827575684,133,2
Filderstadt,48.666698455810547,9.2166996002197266,134,2
Schwabach,49.329200744628906,11.02079963684082,135,2
Pabianice,51.664199829101563,19.350000381469727,136,1
Sieradz,51.599998474121094,18.75,137,1
Jelenia Góra,50.900001525878906,15.73330020904541,138,1
Siedlce,52.183300018310547,22.283300399780273,139,1
Frechen,50.916698455810547,6.8166999816894531,140,2
Beckum,51.75579833984375,8.0408000946044922,141,2
Leonberg,48.801399230957031,9.0130996704101563,142,2
Warstein,51.450000762939453,8.3667001724243164,143,2
Swiecie,53.416698455810547,18.433300018310547,144,1
Brzeg,50.86669921875,17.483299255371094,145,1
Rumia,54.566699981689453,18.399999618530273,146,1
Mikolów,50.171001434326172,18.90410041809082,147,1
Gorlice,49.655601501464844,21.160400390625,148,1
Wolsztyn,52.11669921875,16.11669921875,149,1
Neunkirchen,49.344799041748047,7.1799001693725586,150,2
Lohmar,50.841499328613281,7.2165999412536621,151,2
Heide,54.196098327636719,9.0932998657226563,152,2
Traunstein,47.868301391601563,12.64330005645752,153,2
Bad Neuenahr-Ahrweiler,50.544700622558594,7.1132998466491699,154,2
Zittau,50.896099090576172,14.80720043182373,155,2
Lichtenfels,50.13330078125,11.033300399780273,156,2
Backnang,48.946399688720703,9.4306001663208008,157,2
Achern,48.631401062011719,8.0739002227783203,158,2
Tarnowskie Góry,50.450000762939453,18.86669921875,159,1
Naklo nad Notecia,53.142101287841797,17.601800918579102,160,1
Dorsten,51.659999847412109,6.9642000198364258,161,2
Eschwege,51.188098907470703,10.052800178527832,162,2
Kreuztal,50.962001800537109,8.0064001083374023,163,2
Böblingen,48.683300018310547,9,164,2
Espelkamp,52.377201080322266,8.6328001022338867,165,2
Wermelskirchen,51.139198303222656,7.2051000595092773,166,2
Coesfeld,51.94580078125,7.1675000190734863,167,2
Wittlich,49.986900329589844,6.8896999359130859,168,2
Pultusk,52.702499389648438,21.082799911499023,169,1
Konstancin-Jeziorna,52.093799591064453,21.117599487304688,170,1
Langenhagen,52.439399719238281,9.7399997711181641,171,2
Rheinbach,50.625598907470703,6.9491000175476074,172,2
Helmstedt,52.228099822998047,11.010600090026855,173,2
Lennestadt,51.123600006103516,8.0680999755859375,174,2
Bochum,51.483299255371094,7.2167000770568848,175,2
Pfaffenhofen,48.533298492431641,11.51669979095459,176,2
Neuburg,48.733299255371094,11.183300018310547,177,2
Hamm,51.666698455810547,7.8166999816894531,178,2
Merzig,49.447101593017578,6.631199836730957,179,2
Jaworzno,50.200000762939453,19.274999618530273,180,1
Koscian,52.083301544189453,16.649999618530273,181,1
Geislingen an der Steige,48.624401092529297,9.8305997848510742,182,2
Strausberg,52.580799102783203,13.881400108337402,183,2
Pfungstadt,49.805599212646484,8.6043996810913086,184,2
Kamen,51.591701507568359,7.6652998924255371,185,2
Geilenkirchen,50.965301513671875,6.1194000244140625,186,2
Geesthacht,53.438098907470703,10.374699592590332,187,2
Oberhausen,51.469898223876953,6.8513998985290527,188,2
Horb am Neckar,48.444999694824219,8.6911001205444336,189,2
Bad Salzuflen,52.087501525878906,8.7505998611450195,190,2
Bocholt,51.833301544189453,6.6167001724243164,191,2
Swinoujscie,53.916698455810547,14.25,192,1
Miedzyrzec Podlaski,51.983299255371094,22.799999237060547,193,1
Trzebnica,51.305000305175781,17.061399459838867,194,1
Siemiatycze,52.427200317382813,22.862499237060547,195,1
Klodzko,50.437801361083984,16.652799606323242,196,1
Ciechanów,52.881698608398438,20.610599517822266,197,1
Annaberg-Buchholz,50.580001831054688,13.002200126647949,198,2
Friedrichshafen,47.654201507568359,9.4792003631591797,199,2
Gronau,52.212501525878906,7.0416998863220215,200,2
Werl,51.552799224853516,7.9138998985290527,201,2
Eschweiler,50.816699981689453,6.2832999229431152,202,2
Wuppertal,51.266700744628906,7.1833000183105469,203,2
Gostynin,52.416698455810547,19.466699600219727,204,1
Torun,53.016700744628906,18.61669921875,205,1
Meppen,52.690601348876953,7.2909998893737793,206,2
Sundern,51.316699981689453,8,207,2
Hildesheim,52.150001525878906,9.9499998092651367,208,2
Salzkotten,51.670799255371094,8.6047000885009766,209,2
Goslar,51.905998229980469,10.429200172424316,210,2
Buxtehude,53.476898193359375,9.7011003494262695,211,2
Altenburg,50.985000610351563,12.433300018310547,212,2
Prudnik,50.319698333740234,17.579200744628906,213,1
Sigmaringen,48.086700439453125,9.216400146484375,214,2
Pinneberg,53.659099578857422,9.8009004592895508,215,2
Bramsche,52.408901214599609,7.9727997779846191,216,2
Waiblingen,48.830299377441406,9.3169002532958984,217,2
Starogard Gdanski,53.966701507568359,18.533300399780273,218,1
Biskupiec,53.864700317382813,20.956899642944336,219,1
Bielsk Podlaski,52.766700744628906,23.200000762939453,220,1
Sopot,54.441898345947266,18.547800064086914,221,1
Neustadt am Rübenberge,52.505500793457031,9.4636001586914063,222,2
Frankfurt (Oder),52.349998474121094,14.550000190734863,223,2
Norden,53.596698760986328,7.2055997848510742,224,2
Freudenstadt,48.463298797607422,8.4111003875732422,225,2
Delbrück,51.766700744628906,8.5666999816894531,226,2
Koszalin,54.190299987792969,16.181699752807617,227,1
Gniew,53.833301544189453,18.83329963684082,228,1
Leczna,51.299999237060547,22.88330078125,229,1
Jawor,51.049999237060547,16.183300018310547,230,1
Gluszyca,50.687400817871094,16.371700286865234,231,1
Wloclawek,52.650001525878906,19.049999237060547,232,1
Hohen Neuendorf,52.666698455810547,13.283100128173828,233,2
Petershagen,52.38330078125,8.9666996002197266,234,2
Steinfurt,52.150398254394531,7.3365998268127441,235,2
Oberursel,50.202800750732422,8.576899528503418,236,2
Andernach,50.439701080322266,7.4017000198364258,237,2
Germering,48.13330078125,11.366700172424316,238,2
Griesheim,49.859401702880859,8.5524997711181641,239,2
Sosnowiec,50.299999237060547,19.16670036315918,240,1
Police,53.549999237060547,14.570799827575684,241,1
Willich,51.263099670410156,6.5492000579833984,242,2
Halle,51.482799530029297,11.969699859619141,243,2
Erfurt,50.97869873046875,11.03279972076416,244,2
Porta Westfalica,52.216701507568359,8.9333000183105469,245,2
Friedrichsdorf,50.256900787353516,8.6417999267578125,246,2
Bad Salzungen,50.811698913574219,10.23330020904541,247,2
Gießen,50.583301544189453,8.6667003631591797,248,2
Erkelenz,51.080001831054688,6.3155999183654785,249,2
Gifhorn,52.488601684570313,10.54640007019043,250,2
Heidenheim,48.676101684570313,10.154399871826172,251,2
Delitzsch,51.526401519775391,12.342499732971191,252,2
Olching,48.200000762939453,11.316699981689453,253,2
Aichach,48.450000762939453,11.133299827575684,254,2
Gryfów Slaski,51.030799865722656,15.420200347900391,255,1
Wagrowiec,52.799999237060547,17.200000762939453,256,1
Bytów,54.166698455810547,17.5,257,1
Kluczbork,50.983299255371094,18.216699600219727,258,1
Meerbusch,51.266700744628906,6.6666998863220215,259,2
Bautzen,51.181400299072266,14.42389965057373,260,2
Goch,51.68389892578125,6.1619000434875488,261,2
Calw,48.714401245117188,8.7375001907348633,262,2
Neckarsulm,49.191699981689453,9.2243995666503906,263,2
Neustadt,49.349998474121094,8.1499996185302734,264,2
Siegen,50.875598907470703,8.0166997909545898,265,2
Passau,48.566699981689453,13.466699600219727,266,2
Bietigheim-Bissingen,48.966701507568359,9.1332998275756836,267,2
Rietberg,51.799999237060547,8.4333000183105469,268,2
Westerstede,53.25,7.9166998863220215,269,2
Zychlin,52.24530029296875,19.623600006103516,270,1
Ozimek,50.673099517822266,18.213100433349609,271,1
Zgorzelec,51.152801513671875,15,272,1
Kobylka,52.339500427246094,21.195899963378906,273,1
Nysa,50.473800659179688,17.334400177001953,274,1
Neumarkt,49.283298492431641,11.466699600219727,275,2
Bitterfeld,51.61669921875,12.316699981689453,276,2
Kerpen,50.871898651123047,6.6961002349853516,277,2
Ibbenbüren,52.277801513671875,7.7167000770568848,278,2
Neubrandenburg,53.556900024414063,13.260800361633301,279,2
Neu Isenburg,50.055801391601563,8.6970996856689453,280,2
Dreieich,50.018901824951172,8.6961002349853516,281,2
Kitzingen,49.733299255371094,10.16670036315918,282,2
Rheda-Wiedenbrück,51.841701507568359,8.3000001907348633,283,2
Wetzlar,50.566699981689453,8.5,284,2
Leczyca,52.058300018310547,19.200000762939453,285,1
Braniewo,54.38330078125,19.83329963684082,286,1
Belzyce,51.183300018310547,22.266700744628906,287,1
Datteln,51.653900146484375,7.3417000770568848,288,2
Waldshut-Tiengen,47.623100280761719,8.2144002914428711,289,2
Minden,52.288299560546875,8.9167003631591797,290,2
Jena,50.927200317382813,11.586400032043457,291,2
Dillingen,48.566699981689453,10.466699600219727,292,2
Coburg,50.2666015625,10.96660041809082,293,2
Biala Podlaska,52.033298492431641,23.11669921875,294,1
Ziebice,50.599998474121094,17.044399261474609,295,1
Cieszyn,49.75,18.63330078125,296,1
Pulawy,51.416599273681641,21.969400405883789,297,1
Korschenbroich,51.183300018310547,6.5166997909545898,298,2
Regensburg,49.016700744628906,12.08329963684082,299,2
Senftenberg,51.516700744628906,14.01669979095459,300,2
Mühlacker,48.950000762939453,8.8392000198364258,301,2
Ketrzyn,54.083301544189453,21.38330078125,302,1
Zlotoryja,51.126399993896484,15.9197998046875,303,1
Milanówek,52.124298095703125,20.665399551391602,304,1
Plock,52.549999237060547,19.700000762939453,305,1
Katowice,50.25,19,306,1
Dabrowa Górnicza,50.323898315429688,19.194700241088867,307,1
Offenburg,48.470798492431641,7.9408001899719238,308,2
Kamp-Lintfort,51.5,6.5332999229431152,309,2
Selm,51.683300018310547,7.4833002090454102,310,2
Bamberg,49.891700744628906,10.89169979095459,311,2
Frankfurt,50.113601684570313,8.6796998977661133,312,2
Gevelsberg,51.326499938964844,7.3558998107910156,313,2
Osterholz-Scharmbeck,53.226898193359375,8.7946996688842773,314,2
Vechta,52.730598449707031,8.288599967956543,315,2
Dingolfing,48.63330078125,12.5,316,2
Würselen,50.824699401855469,6.127500057220459,317,2
Kutno,52.233299255371094,19.36669921875,318,1
Piastów,52.183300018310547,20.850000381469727,319,1
Ahlen,51.763301849365234,7.8910999298095703,320,2
Görlitz,51.152801513671875,14.987199783325195,321,2
Schwedt (Oder),53.063098907470703,14.283100128173828,322,2
Nordhausen,51.505001068115234,10.791099548339844,323,2
Leipzig,51.349998474121094,12.383299827575684,324,2
Tübingen,48.520000457763672,9.0556001663208008,325,2
Meschede,51.350299835205078,8.283599853515625,326,2
Unna,51.534698486328125,7.6888999938964844,327,2
Fürth,49.478298187255859,10.990300178527832,328,2
Polaniec,50.433300018310547,21.283300399780273,329,1
Glucholazy,50.313098907470703,17.374200820922852,330,1
Laziska Górne,50.150001525878906,18.83329963684082,331,1
Dachau,48.260299682617188,11.434200286865234,332,2
Balingen,48.273101806640625,8.8506002426147461,333,2
Kaufbeuren,47.880001068115234,10.622500419616699,334,2
Waltrop,51.61669921875,7.3832998275756836,335,2
Cloppenburg,52.847801208496094,8.0438995361328125,336,2
Königswinter,50.683300018310547,7.1833000183105469,337,2
Wolfenbüttel,52.162200927734375,10.536899566650391,338,2
Nowe Miasto Lubawskie,53.416698455810547,19.58329963684082,339,1
Radom,51.403598785400391,21.156700134277344,340,1
Schönebeck,52.016700744628906,11.75,341,2
Parchim,53.416698455810547,11.83329963684082,342,2
Stralsund,54.299999237060547,13.08329963684082,343,2
Heilbronn,49.140399932861328,9.2180004119873047,344,2
Olpe,51.028900146484375,7.8513998985290527,345,2
Aschaffenburg,49.975700378417969,9.1478004455566406,346,2
Tönisvorst,51.32080078125,6.4931001663208008,347,2
Dülmen,51.830799102783203,7.2782998085021973,348,2
Mosbach,49.349998474121094,9.1332998275756836,349,2
Deggendorf,48.835300445556641,12.964400291442871,350,2
Detmold,51.937801361083984,8.8832998275756836,351,2
Hilden,51.171398162841797,6.9394001960754395,352,2
Homburg,49.316699981689453,7.3333001136779785,353,2
Reutlingen,48.483299255371094,9.2166996002197266,354,2
Aachen,50.776199340820313,6.0837998390197754,355,2
Radolfzell am Bodensee,47.736900329589844,8.9696998596191406,356,2
Esslingen,48.7406005859375,9.3107995986938477,357,2
Naumburg,51.152099609375,11.809800148010254,358,2
Riesa,51.308101654052734,13.293899536132813,359,2
Siegburg,50.801399230957031,7.2044000625610352,360,2
Pulheim,51,6.8000001907348633,361,2
Bergheim,50.966701507568359,6.6500000953674316,362,2
Wesel,51.658599853515625,6.617800235748291,363,2
Bayreuth,49.948101043701172,11.578300476074219,364,2
Emden,53.366901397705078,7.2060999870300293,365,2
Brzeg Dolny,51.272998809814453,16.708099365234375,366,1
Strzegom,51,16.33329963684082,367,1
Miedzyrzecz,52.444599151611328,15.578000068664551,368,1
Chelm,51.13330078125,23.483299255371094,369,1
Kalisz,51.756999969482422,18.083000183105469,370,1
Krapkowice,50.475101470947266,17.965400695800781,371,1
Heppenheim,49.641498565673828,8.6450004577636719,372,2
Hückelhoven,51.060798645019531,6.2196998596191406,373,2
Wetter (Ruhr),51.388099670410156,7.3949999809265137,374,2
Freising,48.402801513671875,11.748900413513184,375,2
Potsdam,52.400001525878906,13.066699981689453,376,2
Elblag,54.166698455810547,19.399999618530273,377,1
Wieliczka,49.989398956298828,20.066099166870117,378,1
Viersen,51.255599975585938,6.3916997909545898,379,2
Greven,52.091701507568359,7.6083002090454102,380,2
Marktoberdorf,47.766700744628906,10.616700172424316,381,2
Prenzlau,53.316699981689453,13.866700172424316,382,2
Stade,53.600799560546875,9.4764003753662109,383,2
Staßfurt,51.86669921875,11.566699981689453,384,2
Brilon,51.395599365234375,8.5677995681762695,385,2
Hamminkeln,51.731899261474609,6.5907998085021973,386,2
Bühl,48.695301055908203,8.1350002288818359,387,2
Heiligenhaus,51.326499938964844,6.9710001945495605,388,2
Iserlohn,51.38330078125,7.6666998863220215,389,2
Nidzica,53.358299255371094,20.424999237060547,390,1
Otwock,52.11669921875,21.266700744628906,391,1
Kórnik,52.236698150634766,17.098600387573242,392,1
Legnica,51.210098266601563,16.161899566650391,393,1
Mechernich,50.599998474121094,6.6500000953674316,394,2
Bremerhaven,53.549999237060547,8.5832996368408203,395,2
Schweinfurt,50.049999237060547,10.23330020904541,396,2
Schwäbisch Hall,49.112201690673828,9.7375001907348633,397,2
Maintal,50.150001525878906,8.8332996368408203,398,2
Ostrów Mazowiecka,52.799999237060547,21.899999618530273,399,1
Brzozów,49.695301055908203,22.019399642944336,400,1
Gdansk,54.36669921875,18.63330078125,401,1
Krynica,49.422199249267578,20.959400177001953,402,1
Wisla,49.666698455810547,18.86669921875,403,1
Arnsberg,51.396701812744141,8.0643997192382813,404,2
Kempen,51.365798950195313,6.4194002151489258,405,2
Fellbach,48.808601379394531,9.2757997512817383,406,2
Schwerin,53.63330078125,11.41670036315918,407,2
Weimar,50.983299255371094,11.316699981689453,408,2
Hagen,51.359401702880859,7.4749999046325684,409,2
Ostfildern,48.722801208496094,9.2630996704101563,410,2
Erftstadt,50.816699981689453,6.7666997909545898,411,2
Kraków,50.0614013671875,19.937200546264648,412,1
Vaihingen an der Enz,48.93280029296875,8.9563999176025391,413,2
Greifswald,54.083301544189453,13.383299827575684,414,2
Neustadt,48.811100006103516,9.3655996322631836,415,2
Ettlingen,48.933300018310547,8.3999996185302734,416,2
Chemnitz,50.833301544189453,12.91670036315918,417,2
Belchatów,51.36669921875,19.36669921875,418,1
Elk,53.816699981689453,22.350000381469727,419,1
Lubsko,51.787700653076172,14.972399711608887,420,1
Malbork,54.028499603271484,19.044399261474609,421,1
Kielce,50.872501373291016,20.631900787353516,422,1
Koblenz,50.359699249267578,7.5977997779846191,423,2
Konstanz,47.663299560546875,9.1752996444702148,424,2
Zweibrücken,49.249401092529297,7.3607997894287109,425,2
Gütersloh,51.900001525878906,8.3832998275756836,426,2
Sangerhausen,51.466701507568359,11.300000190734863,427,2
Lübeck,53.869701385498047,10.686400413513184,428,2
Heidelberg,49.412200927734375,8.7100000381469727,429,2
Uelzen,52.964698791503906,10.565799713134766,430,2
Wittmund,53.574699401855469,7.7807998657226563,431,2
Rheine,52.283298492431641,7.4333000183105469,432,2
Schmallenberg,51.13330078125,8.3000001907348633,433,2
Szczecin,53.424701690673828,14.555299758911133,434,1
Wegorzewo,54.216701507568359,21.75,435,1
Bielsko-Biala,49.822498321533203,19.044399261474609,436,1
Bad Kissingen,50.200000762939453,10.066699981689453,437,2
Euskirchen,50.659698486328125,6.7916998863220215,438,2
Amberg,49.444400787353516,11.848299980163574,439,2
Langenfeld,51.11669921875,6.9499998092651367,440,2
Wangen im Allgäu,47.685798645019531,9.8341999053955078,441,2
Dietzenbach,50.008598327636719,8.7756004333496094,442,2
Kleve,51.790000915527344,6.1399998664855957,443,2
Arnstadt,50.834201812744141,10.946399688720703,444,2
Lebork,54.549999237060547,17.75,445,1
Bialogard,54.006999969482422,15.987500190734863,446,1
Tarnów,50.012500762939453,20.988300323486328,447,1
Czestochowa,50.799999237060547,19.11669921875,448,1
Sankt Ingbert,49.299999237060547,7.1167001724243164,449,2
Höxter,51.766700744628906,9.3667001724243164,450,2
Ingolstadt,48.763599395751953,11.42609977722168,451,2
Ludwigshafen,49.481098175048828,8.4352998733520508,452,2
Saarbrücken,49.233299255371094,7,453,2
Starnberg,47.997200012207031,11.34060001373291,454,2
Bremen,53.115299224853516,8.7974996566772461,455,2
Bad Tölz,47.760299682617188,11.556699752807617,456,2
Steinheim am Main,50.125701904296875,8.8299999237060547,457,2
Zeitz,51.047798156738281,12.138299942016602,458,2
Rheinberg,51.546699523925781,6.6005997657775879,459,2
Lindau,47.545799255371094,9.6838998794555664,460,2
Hoyerswerda,51.433101654052734,14.25,461,2
Schwelm,51.290401458740234,7.2972002029418945,462,2
Gladbeck,51.571300506591797,6.9826998710632324,463,2
Neu-Ulm,48.38330078125,10,464,2
Meiningen,50.549999237060547,10.41670036315918,465,2
Suwalki,54.083301544189453,22.933300018310547,466,1
Overath,50.950000762939453,7.3000001907348633,467,2
Radebeul,51.103298187255859,13.670000076293945,468,2
Lauf,49.510299682617188,11.277199745178223,469,2
Unterschleißheim,48.283298492431641,11.566699981689453,470,2
Völklingen,49.25,6.8333001136779785,471,2
Bernburg,51.799999237060547,11.73330020904541,472,2
Rawa Mazowiecka,51.766700744628906,20.25,473,1
Stary Sacz,49.5625,20.63640022277832,474,1
Landau,49.19940185546875,8.1231002807617188,475,2
Winnenden,48.876399993896484,9.3978004455566406,476,2
Northeim,51.706699371337891,10.001099586486816,477,2
Gera,50.878200531005859,12.082400321960449,478,2
Eisenach,50.974700927734375,10.324399948120117,479,2
Troisdorf,50.81610107421875,7.1556000709533691,480,2
Aalen,48.837200164794922,10.093600273132324,481,2
Hürth,50.877498626708984,6.8761000633239746,482,2
Zirndorf,49.450000762939453,10.949999809265137,483,2
Einbeck,51.816699981689453,9.8667001724243164,484,2
Viernheim,49.537998199462891,8.5791997909545898,485,2
Swidnica,50.843799591064453,16.48859977722168,486,1
Kety,49.882099151611328,19.223300933837891,487,1
Jelcz-Laskowice,51.033298492431641,17.33329963684082,488,1
Achim,53.01300048828125,9.0329999923706055,489,2
Günzburg,48.452499389648438,10.271100044250488,490,2
Itzehoe,53.924999237060547,9.5164003372192383,491,2
Wernigerode,51.834999084472656,10.785300254821777,492,2
Sankt Wendel,49.466701507568359,7.1666998863220215,493,2
Mülheim,51.428298950195313,6.8789000511169434,494,2
Wiesloch,49.294200897216797,8.6983003616333008,495,2
Weißenfels,51.200000762939453,11.966699600219727,496,2
Soest,51.571098327636719,8.1091995239257813,497,2
Nuremberg,49.452800750732422,11.077799797058105,498,2
Celle,52.625598907470703,10.082500457763672,499,2
Deblin,51.566699981689453,21.861400604248047,500,1
Ostrowiec Swietokrzyski,50.933300018310547,21.399999618530273,501,1
Hajnówka,52.733299255371094,23.566699981689453,502,1
Bruchsal,49.13330078125,8.6000003814697266,503,2
Göttingen,51.533901214599609,9.9356002807617188,504,2
Idstein,50.220600128173828,8.269200325012207,505,2
Korbach,51.271900177001953,8.8731002807617188,506,2
Oldenburg,53.143901824951172,8.2138996124267578,507,2
Herten,51.599998474121094,7.1332998275756836,508,2
Emmendingen,48.12139892578125,7.8491997718811035,509,2
Friedberg,50.335300445556641,8.755000114440918,510,2
Kamien Pomorski,53.969699859619141,14.785799980163574,511,1
Nowy Targ,49.483299255371094,20.033300399780273,512,1
Bergisch Gladbach,50.99169921875,7.1367001533508301,513,2
Sprockhövel,51.361400604248047,7.2439999580383301,514,2
Peine,52.320301055908203,10.233599662780762,515,2
Wiesbaden,50.082500457763672,8.2399997711181641,516,2
Schleswig,54.515300750732422,9.5697002410888672,517,2
Suhl,50.610599517822266,10.693099975585938,518,2
Seelze,52.396099090576172,9.5980997085571289,519,2
Swidnik,51.233299255371094,22.700000762939453,520,1
Przemysl,49.784999847412109,22.767299652099609,521,1
Olsztyn,53.779998779296875,20.494199752807617,522,1
Przeworsk,50.059101104736328,22.494100570678711,523,1
Harsewinkel,51.966701507568359,8.2330999374389648,524,2
Leverkusen,51.033298492431641,6.9833002090454102,525,2
Gelsenkirchen,51.516700744628906,7.0999999046325684,526,2
Saalfeld,50.650600433349609,11.35420036315918,527,2
Remscheid,51.190601348876953,7.2246999740600586,528,2
Georgsmarienhütte,52.203098297119141,8.0446996688842773,529,2
Friedberg,48.349998474121094,10.98330020904541,530,2
Delmenhorst,53.05059814453125,8.6316995620727539,531,2
Munich,48.137199401855469,11.575499534606934,532,2
Elmshorn,53.75469970703125,9.653599739074707,533,2
Rudolstadt,50.716899871826172,11.327500343322754,534,2
Rinteln,52.190601348876953,9.0813999176025391,535,2
Falkensee,52.558300018310547,13.091699600219727,536,2
Zwickau,50.718898773193359,12.496100425720215,537,2
Winsen,53.36669921875,10.216699600219727,538,2
Landsberg,48.052799224853516,10.868900299072266,539,2
Marl,51.666698455810547,7.1167001724243164,540,2
Wesseling,50.820701599121094,6.978600025177002,541,2
Kempten,47.733299255371094,10.316699981689453,542,2
Pirna,50.962200164794922,13.940299987792969,543,2
Rybnik,50.083301544189453,18.5,544,1
Sindelfingen,48.713298797607422,9.0027999877929688,545,2
Kulmbach,50.099998474121094,11.433300018310547,546,2
Garbsen,52.418300628662109,9.5980997085571289,547,2
Baunatal,51.258899688720703,9.418299674987793,548,2
Kiel,54.323299407958984,10.139399528503418,549,2
Aschersleben,51.75,11.466699600219727,550,2
Wiehl,50.950000762939453,7.5332999229431152,551,2
Bornheim,50.759201049804688,7.005000114440918,552,2
Wschowa,51.799999237060547,16.299999237060547,553,1
Tarnobrzeg,50.583301544189453,21.683300018310547,554,1
Bad Homburg,50.229198455810547,8.6105003356933594,555,2
Meißen,51.163600921630859,13.477499961853027,556,2
Hof,50.316699981689453,11.91670036315918,557,2
Essen,51.450801849365234,7.0131001472473145,558,2
Speyer,49.319400787353516,8.4310998916625977,559,2
Ingelheim,49.974700927734375,8.0564002990722656,560,2
Rosenheim,47.856098175048828,12.128899574279785,561,2
Weil am Rhein,47.594699859619141,7.6107997894287109,562,2
Würzburg,49.794399261474609,9.9294004440307617,563,2
Bilgoraj,50.549999237060547,22.733299255371094,564,1
Lubaczów,50.155601501464844,23.12299919128418,565,1
Darlowo,54.416698455810547,16.41670036315918,566,1
Bytom,50.347000122070313,18.923000335693359,567,1
Luków,51.916698455810547,22.38330078125,568,1
Heinsberg,51.063098907470703,6.0963997840881348,569,2
Lingen,52.523300170898438,7.3172001838684082,570,2
Grimma,51.238601684570313,12.725299835205078,571,2
Nordhorn,52.433300018310547,7.0666999816894531,572,2
Alzey,49.751701354980469,8.1161003112792969,573,2
Wittenberg,51.867099761962891,12.64840030670166,574,2
Albstadt,48.211898803710938,9.023900032043457,575,2
Gubin,51.950000762939453,14.73330020904541,576,1
Ustron,49.716701507568359,18.816699981689453,577,1
Reszel,54.050399780273438,21.14579963684082,578,1
Ustka,54.580501556396484,16.861900329589844,579,1
Trzemeszno,52.5614013671875,17.823099136352539,580,1
Bad Honnef am Rhein,50.645000457763672,7.2269001007080078,581,2
Neuruppin,52.922199249267578,12.800000190734863,582,2
Leichlingen,51.11669921875,7.0166997909545898,583,2
Salzwedel,52.849998474121094,11.149999618530273,584,2
Bad Hersfeld,50.868301391601563,9.706700325012207,585,2
Neuss,51.200298309326172,6.6939001083374023,586,2
Osnabrück,52.278900146484375,8.0431003570556641,587,2
Neumünster,54.071399688720703,9.9899997711181641,588,2
Hannover,52.374401092529297,9.7385997772216797,589,2
Saarlouis,49.316699981689453,6.75,590,2
Groß-Gerau,49.921398162841797,8.4818000793457031,591,2
Bad Nauheim,50.36669921875,8.75,592,2
Ratingen,51.299999237060547,6.8499999046325684,593,2
Rendsburg,54.304401397705078,9.6644001007080078,594,2
Nordenham,53.5,8.4666996002197266,595,2
Bydgoszcz,53.11669921875,18,596,1
Bingen am Rhein,49.966899871826172,7.8949999809265137,597,2
Kirchheim unter Teck,48.648300170898438,9.4511003494262695,598,2
Grevenbroich,51.088298797607422,6.5875000953674316,599,2
Lohne,52.666698455810547,8.2385997772216797,600,2
Weiterstadt,49.900001525878906,8.6000003814697266,601,2
Darmstadt,49.86669921875,8.6499996185302734,602,2
Frankenthal,49.533298492431641,8.3500003814697266,603,2
Kaiserslautern,49.444698333740234,7.7688999176025391,604,2
Kolobrzeg,54.166698455810547,15.566699981689453,605,1
Lublin,51.233299255371094,22.566699981689453,606,1
Oswiecim,50.033298492431641,19.233299255371094,607,1
Miastko,54,16.983299255371094,608,1
Sandomierz,50.683300018310547,21.75,609,1
Bielawa,50.690799713134766,16.62299919128418,610,1
Mannheim,49.487800598144531,8.466099739074707,611,2
Springe,52.216701507568359,9.5500001907348633,612,2
Borken,51.843898773193359,6.8583002090454102,613,2
Ahaus,52.079399108886719,7.0134000778198242,614,2
Ansbach,49.299999237060547,10.58329963684082,615,2
Husum,54.476898193359375,9.0510997772216797,616,2
Oelde,51.825801849365234,8.1436004638671875,617,2
Merseburg,51.354400634765625,11.992799758911133,618,2
Stadthagen,52.324699401855469,9.2068996429443359,619,2
Bielefeld,52.016700744628906,8.5333003997802734,620,2
Worms,49.631900787353516,8.365300178527832,621,2
Baesweiler,50.900001525878906,6.1833000183105469,622,2
Ravensburg,47.783100128173828,9.6113996505737305,623,2
Göppingen,48.702499389648438,9.6527996063232422,624,2
Norderstedt,53.706401824951172,10.010299682617188,625,2
Oborniki,52.650001525878906,16.816699981689453,626,1
Warsaw,52.216701507568359,21.033300399780273,627,1
Myslowice,50.233299255371094,19.13330078125,628,1
Prabuty,53.75579833984375,19.197500228881836,629,1
Oranienburg,52.754398345947266,13.236900329589844,630,2
Torgau,51.560298919677734,13.005599975585938,631,2
Bad Oldesloe,53.811698913574219,10.374199867248535,632,2
Erding,48.300098419189453,11.908200263977051,633,2
Lörrach,47.6156005859375,7.6613998413085938,634,2
Berlin,52.516700744628906,13.383299827575684,635,2
Ehingen an der Donau,48.283298492431641,9.7236003875732422,636,2
Königs Wusterhausen,52.291698455810547,13.625,637,2
Schloß Holte-Stukenbrock,51.88330078125,8.6167001724243164,638,2
Chrzanów,50.13330078125,19.399999618530273,639,1
Rheinfelden (Baden),47.561100006103516,7.7916998863220215,640,2
Rösrath,50.900001525878906,7.1833000183105469,641,2
Solingen,51.166698455810547,7.0833001136779785,642,2
Königsbrunn,48.268901824951172,10.890800476074219,643,2
Salzgitter,52.150299072265625,10.359299659729004,644,2
Roth,49.246101379394531,11.091099739074707,645,2
Ulm,48.398399353027344,9.9916000366210938,646,2
Lampertheim,49.594200134277344,8.4671001434326172,647,2
Chorzów,50.299999237060547,18.950000762939453,648,1
Brzeszcze,50,19.149999618530273,649,1
Grodzisk Mazowiecki,52.103900909423828,20.633699417114258,650,1
Jülich,50.922199249267578,6.3583002090454102,651,2
Crailsheim,49.134700775146484,10.070599555969238,652,2
Limburg,50.38330078125,8.0666999816894531,653,2
Germersheim,49.216701507568359,8.3667001724243164,654,2
Sondershausen,51.36669921875,10.866700172424316,655,2
Villingen-Schwenningen,48.060298919677734,8.4586000442504883,656,2
Lage,51.983299255371094,8.8000001907348633,657,2
Rypin,53.066699981689453,19.450000762939453,658,1
Walcz,53.266700744628906,16.466699600219727,659,1
Sobótka,50.898601531982422,16.744400024414063,660,1
Magdeburg,52.127799987792969,11.629199981689453,661,2
Hanau,50.132801055908203,8.9168996810913086,662,2
Nettetal,51.316699981689453,6.2832999229431152,663,2
Bottrop,51.523200988769531,6.925300121307373,664,2
Leer,53.230800628662109,7.4527997970581055,665,2
Cologne,50.94219970703125,6.9577999114990234,666,2
Bad Oeynhausen,52.200000762939453,8.8000001907348633,667,2
Glubczyce,50.200901031494141,17.82859992980957,668,1
Gryfino,53.252399444580078,14.488300323486328,669,1
Rastatt,48.857200622558594,8.2031002044677734,670,2
Wismar,53.892501831054688,11.465000152587891,671,2
Lübbecke,52.308101654052734,8.6231002807617188,672,2
Lemgo,52.027698516845703,8.9042997360229492,673,2
Bünde,52.200000762939453,8.6000003814697266,674,2
Cuxhaven,53.86669921875,8.6999998092651367,675,2
Bensheim,49.681098937988281,8.6227998733520508,676,2
Schwerte,51.44580078125,7.5652999877929688,677,2
Marburg,50.816699981689453,8.7666997909545898,678,2
Dessau-Roßlau,51.833301544189453,12.23330020904541,679,2
Lüdenscheid,51.219799041748047,7.6272997856140137,680,2
Brwinów,52.141700744628906,20.716699600219727,681,1
Stuttgart,48.776100158691406,9.1774997711181641,682,2
Halberstadt,51.895801544189453,11.046699523925781,683,2
Geretsried,47.86669921875,11.466699600219727,684,2
Neuwied,50.428600311279297,7.461400032043457,685,2
Weißenburg,49.030601501464844,10.97189998626709,686,2
Papenburg,53.066699981689453,7.4000000953674316,687,2
Dortmund,51.513900756835938,7.4653000831604004,688,2
Jaroslaw,50.016201019287109,22.677799224853516,689,1
Lüneburg,53.252498626708984,10.414400100708008,690,2
Burg,52.272499084472656,11.854999542236328,691,2
Castrop-Rauxel,51.549999237060547,7.3166999816894531,692,2
Bad Kreuznach,49.846900939941406,7.8668999671936035,693,2
Fürstenfeldbruck,48.177799224853516,11.255599975585938,694,2
Laatzen,52.307701110839844,9.8133001327514648,695,2
Kehl,48.571098327636719,7.8088998794555664,696,2
Hattingen,51.399200439453125,7.1858000755310059,697,2
Bad Vilbel,50.1781005859375,8.7361001968383789,698,2
Weinheim,49.556098937988281,8.6696996688842773,699,2
Gotha,50.948898315429688,10.718299865722656,700,2
Freital,51.016700744628906,13.649999618530273,701,2
Baden-Baden,48.76190185546875,8.2407999038696289,702,2
Gorzów Wielkopolski,52.733299255371094,15.25,703,1
Grudziadz,53.492500305175781,18.776100158691406,704,1
Zary,51.63330078125,15.133299827575684,705,1
Aurich,53.471401214599609,7.4836001396179199,706,2
Butzbach,50.436698913574219,8.6621999740600586,707,2
Langen,49.989299774169922,8.6802997589111328,708,2
Schorndorf,48.799999237060547,9.5333003997802734,709,2
Ludwigsburg,48.897499084472656,9.1919002532958984,710,2
Dormagen,51.096401214599609,6.8400001525878906,711,2
Czluchów,53.650001525878906,17.36669921875,712,1
Koronowo,53.313701629638672,17.937000274658203,713,1
Barsinghausen,52.3031005859375,9.4605998992919922,714,2
Münster,51.962501525878906,7.6255998611450195,715,2
Erlangen,49.596401214599609,11.004400253295898,716,2
Herrenberg,48.596698760986328,8.8708000183105469,717,2
Augsburg,48.371700286865234,10.898300170898438,718,2
Eberswalde,52.833099365234375,13.833100318908691,719,2
Apolda,51.024700164794922,11.513899803161621,720,2
Emsdetten,52.172798156738281,7.5343999862670898,721,2
Schwandorf,49.323600769042969,12.099300384521484,722,2
Cottbus,51.760601043701172,14.334199905395508,723,2
Moers,51.459201812744141,6.6196999549865723,724,2
Herford,52.114601135253906,8.6733999252319336,725,2
Rathenow,52.599998474121094,12.33329963684082,726,2
Zbaszyn,52.253101348876953,15.917799949645996,727,1
Lubartów,51.466701507568359,22.600000381469727,728,1
Skierniewice,51.952800750732422,20.141700744628906,729,1
Piotrków Trybunalski,51.400001525878906,19.683300018310547,730,1
Pruszków,52.166698455810547,20.799999237060547,731,1
Ludwigsfelde,52.299701690673828,13.26669979095459,732,2
Sonthofen,47.514198303222656,10.281700134277344,733,2
Hameln,52.103099822998047,9.3599996566772461,734,2
Weingarten,47.80780029296875,9.6416997909545898,735,2
Leinfelden-Echterdingen,48.692798614501953,9.1428003311157227,736,2
Ahrensburg,53.674701690673828,10.241100311279297,737,2
Sinsheim,49.25,8.8832998275756836,738,2
Brühl,50.833301544189453,6.9000000953674316,739,2
Greiz,50.654701232910156,12.199700355529785,740,2
Opole,50.672199249267578,17.925300598144531,741,1
Zakopane,49.299400329589844,19.951900482177734,742,1
Poznan,52.400001525878906,16.91670036315918,743,1
Teltow,52.402198791503906,13.270600318908691,744,2
Verl,51.883098602294922,8.5166997909545898,745,2
Obertshausen,50.071498870849609,8.8481998443603516,746,2
Stolberg,50.766700744628906,6.2333002090454102,747,2
Hofheim,50.087600708007813,8.4447002410888672,748,2
Kevelaer,51.583301544189453,6.25,749,2
Dresden,51.049301147460938,13.738400459289551,750,2
Bonn,50.733898162841797,7.0996999740600586,751,2
